INDEX		NUMBER	BIN	HEX
1 7116776 1001011111101000 6C97E8
2 1666340 0110110100100100 196D24
3 8886983 1001101011000111 879AC7
4 839365 1100111011000101 CCEC5
5 924280 0001101001111000 E1A78
6 1026310 1010100100000110 FA906
7 1615293 1010010110111101 18A5BD
8 1063875 0011101111000011 103BC3
9 679035 0101110001111011 A5C7B
10 5201970 0110000000110010 4F6032
11 593979 0001000000111011 9103B
12 801371 0011101001011011 C3A5B
13 3796878 1110111110001110 39EF8E
14 7489201 0100011010110001 7246B1
15 9740020 1001111011110100 949EF4
16 9128737 0100101100100001 8B4B21
17 5473463 1000010010110111 5384B7
18 8701957 1100100000000101 84C805
19 8238050 1011001111100010 7DB3E2
20 8679038 0110111001111110 846E7E
21 385912 1110001101111000 5E378
22 5867340 1000011101001100 59874C
23 4894542 1010111101001110 4AAF4E
24 8999451 0101001000011011 89521B
25 4392535 0000011001010111 430657
26 2078131 1011010110110011 1FB5B3
27 3070124 1101100010101100 2ED8AC
28 7451998 1011010101011110 71B55E
29 5635510 1111110110110110 55FDB6
30 1233932 1101010000001100 12D40C
31 6089867 1110110010001011 5CEC8B
32 1792316 0101100100111100 1B593C
33 6298637 0001110000001101 601C0D
34 2408038 1011111001100110 24BE66
35 8510100 1101101010010100 81DA94
36 991581 0010000101011101 F215D
37 6455739 1000000110111011 6281BB
38 7829175 0111011010110111 7776B7
39 6328931 1001001001100011 609263
40 9982305 0101000101100001 985161
41 2292022 1111100100110110 22F936
42 1070496 0101010110100000 1055A0
43 8518360 1111101011011000 81FAD8
44 6378470 0101001111100110 6153E6
45 7756258 0101100111100010 7659E2
46 7111767 1000010001010111 6C8457
47 2685897 1111101111001001 28FBC9
48 617946 0110110111011010 96DDA
49 246280 1100001000001000 3C208
50 6075442 1011010000110010 5CB432
51 991323 0010000001011011 F205B
52 6754202 0000111110011010 670F9A
53 3103178 0101100111001010 2F59CA
54 3228842 0100010010101010 3144AA
55 6786623 1000111000111111 678E3F
56 5329085 0101000010111101 5150BD
57 2334647 1001111110110111 239FB7
58 7253396 1010110110010100 6EAD94
59 6516953 0111000011011001 6370D9
60 5972725 0010001011110101 5B22F5
61 5828037 1110110111000101 58EDC5
62 6642265 0101101001011001 655A59
63 2559699 0000111011010011 270ED3
64 6597631 1010101111111111 64ABFF
65 5826202 1110011010011010 58E69A
66 4642335 1101011000011111 46D61F
67 1862900 0110110011110100 1C6CF4
68 6039635 0010100001010011 5C2853
69 3358744 0100000000011000 334018
70 4965249 1100001110000001 4BC381
71 6621475 0000100100100011 650923
72 3336153 1110011111011001 32E7D9
73 1044743 1111000100000111 FF107
74 6201477 1010000010000101 5EA085
75 6297100 0001011000001100 60160C
76 885678 1000001110101110 D83AE
77 8546891 0110101001001011 826A4B
78 6683923 1111110100010011 65FD13
79 7064472 1100101110011000 6BCB98
80 3430021 0101011010000101 345685
81 9764122 1111110100011010 94FD1A
82 9958605 1111010011001101 97F4CD
83 1006022 0101100111000110 F59C6
84 5276496 1000001101010000 508350
85 8876232 0111000011001000 8770C8
86 3364648 0101011100101000 335728
87 3539979 0000010000001011 36040B
88 3003857 1101010111010001 2DD5D1
89 4481634 0110001001100010 446262
90 9035781 1110000000000101 89E005
91 3767021 0111101011101101 397AED
92 4993901 0011001101101101 4C336D
93 8698377 1011101000001001 84BA09
94 4626501 1001100001000101 469845
95 1755352 1100100011011000 1AC8D8
96 2755340 0000101100001100 2A0B0C
97 5150616 1001011110011000 4E9798
98 9345169 1001100010010001 8E9891
99 848948 1111010000110100 CF434
100 2708748 0101010100001100 29550C
101 8372451 1100000011100011 7FC0E3
102 3523015 1100000111000111 35C1C7
103 2624283 0000101100011011 280B1B
104 8795348 0011010011010100 8634D4
105 2318100 0101111100010100 235F14
106 4750861 0111111000001101 487E0D
107 3770597 1000100011100101 3988E5
108 1053352 0001001010101000 1012A8
109 833307 1011011100011011 CB71B
110 4632526 1010111111001110 46AFCE
111 2212917 1100010000110101 21C435
112 5053189 0001101100000101 4D1B05
113 412218 0100101000111010 64A3A
114 4901564 1100101010111100 4ACABC
115 5094606 1011110011001110 4DBCCE
116 8070285 0010010010001101 7B248D
117 6847905 0111110110100001 687DA1
118 4311824 1100101100010000 41CB10
119 3009421 1110101110001101 2DEB8D
120 1629105 1101101110110001 18DBB1
121 8431899 1010100100011011 80A91B
122 7582456 1011001011111000 73B2F8
123 7332147 1110000100110011 6FE133
124 314183 1100101101000111 4CB47
125 7632568 0111011010111000 7476B8
126 8161327 1000100000101111 7C882F
127 6961087 0011011110111111 6A37BF
128 6898282 0100001001101010 69426A
129 9749303 1100001100110111 94C337
130 4427419 1000111010011011 438E9B
131 4368829 1010100110111101 42A9BD
132 6439318 0100000110010110 624196
133 6473603 1100011110000011 62C783
134 6446249 0101110010101001 625CA9
135 9818836 1101001011010100 95D2D4
136 9438069 0000001101110101 900375
137 2809499 1101111010011011 2ADE9B
138 3460304 1100110011010000 34CCD0
139 8430904 1010010100111000 80A538
140 9774785 0010011011000001 9526C1
141 9560603 1110001000011011 91E21B
142 3440732 1000000001011100 34805C
143 7053263 1001111111001111 6B9FCF
144 287398 0110001010100110 462A6
145 4043644 1011001101111100 3DB37C
146 2943820 1110101101001100 2CEB4C
147 9030962 1100110100110010 89CD32
148 7537540 0000001110000100 730384
149 7203657 1110101101001001 6DEB49
150 5639400 0000110011101000 560CE8
151 9448142 0010101011001110 902ACE
152 9954392 1110010001011000 97E458
153 2856859 1001011110011011 2B979B
154 1332118 0101001110010110 145396
155 6984725 1001010000010101 6A9415
156 1925762 0110001010000010 1D6282
157 2138171 1010000000111011 20A03B
158 347447 0100110100110111 54D37
159 8839390 1110000011011110 86E0DE
160 3951652 0100110000100100 3C4C24
161 3755102 0100110001011110 394C5E
162 6867687 1100101011100111 68CAE7
163 4383175 1110000111000111 42E1C7
164 7125508 1011101000000100 6CBA04
165 7799732 0000001110110100 7703B4
166 8784156 0000100100011100 86091C
167 1372809 1111001010001001 14F289
168 1327984 0100001101110000 144370
169 9205087 0111010101011111 8C755F
170 6524241 1000110101010001 638D51
171 9316072 0010011011101000 8E26E8
172 127744 1111001100000000 1F300
173 8388820 0000000011010100 8000D4
174 6883557 0000100011100101 6908E5
175 2291239 1111011000100111 22F627
176 3101270 0101001001010110 2F5256
177 1382825 0001100110101001 1519A9
178 9873376 1010011111100000 96A7E0
179 6873500 1110000110011100 68E19C
180 8185634 1110011100100010 7CE722
181 2464786 1001110000010010 259C12
182 8387154 1111101001010010 7FFA52
183 5581444 0010101010000100 552A84
184 8097911 1001000001110111 7B9077
185 8882527 1000100101011111 87895F
186 8941444 0110111110000100 886F84
187 4942703 0110101101101111 4B6B6F
188 101144 1000101100011000 18B18
189 7471180 0000000001001100 72004C
190 1932131 0111101101100011 1D7B63
191 8052752 1110000000010000 7AE010
192 6359493 0000100111000101 6109C5
193 1967646 0000011000011110 1E061E
194 6575052 0101001111001100 6453CC
195 2323342 0111001110001110 23738E
196 6735760 1100011110010000 66C790
197 8895858 1011110101110010 87BD72
198 4238091 1010101100001011 40AB0B
199 7093069 0011101101001101 6C3B4D
200 39 0000000000100111 27



Time of execution: 1.244068 milliseconds
